tweet_query_date <-
structure(1480713722.37008, class = c("POSIXct", "POSIXt"))
